DG_ids: 0.00121011130977422
DG_ids_big: 0.0009022572194226086
Ids11: 0.0010906783863902092
Ids11_big: 0.0025444042403250933
Ids13: 0.000835418701171875
Ids13_big: 0.0006170272827148438
Ids14: 0.001177842146717012
Ids14_big: 0.001124813687056303
Ids15: 0.0008516311645507812
Ids15_big: 0.0011949539184570312
Vimba13: 0.0028714712243527174
Vimba13_big: 0.0014983824221417308
